2000 150 9
500 30
1395 71
// mountain
\grs 500 36 130
520 30 330 42 \T 
520 30 110 14 \T\cW 
520 30 55 7 \T\d 
// land
\grs 690 69 460
355 72 800 5 \cK 
375 77 760 20
\mob 720 69 60 0 dur 0 2 2
\mob 740 69 300 0 slime 0 15 15
\mob 740 69 300 0 rab 0 20 20
900 71 85 1 \cK 
950 70 30 1 \cK 
\mob 990 69 150 0 dur 0 1 1
// islands
1200 53 25 9 \R 
\mob 1200 68 10 0 mush 0 3 3
1260 52 20 8 \R 
\mob 1260 35 4 4 mos 10 5 15
1335 56 20 8 \R 
\mob 1335 58 5 0 slu 0 2 5
1395 65 15 8 \R 
1394 70 2 2 \.*\cG\e 