500 150 3
260 40
0 0
// academy
80 58 80 13 \h 
81 62 78 1
81 66 78 1
155 62 4 1 \d 
155 66 4 1 \d 
79 57 82 1 \.#
80 68 1 2 \,120\e 
159 68 1 2 \,120\e 
// island
20 70 350 5 \cK 
25 75 340 4
32 79 326 3
42 82 306 2
54 84 282 1
66 85 258 1
// tables and chairs
86 65 1 1 \,123\e 
87 65 1 1 \.T\e 
89 65 1 1 \,123\e 
90 65 1 1 \.T\e 
92 65 1 1 \,123\e 
93 65 1 1 \.T\e 
95 65 1 1 \,123\e 
96 65 1 1 \.T\e 
98 65 1 1 \,123\e 
99 65 1 1 \.T\e 
101 65 1 1 \,207\e 
// floating islands
55 52 6 6 \R 
87 45 7 6 \R\h 
\mob 87 45 4 mos 15 0 15
394 65 10 6 \R 
450 52 20 6 \R 
\mob 450 45 4 eye 15 5 15
// mountain
260 36 120 34 \T 
260 36 35 10 \T\cW 
260 36 29 8 \T\d 
\mob 260 40 4 eye 1000 5 15