2000 150 11
500 30
1396 69
// mountain
\grs 550 36 80
520 30 330 42 \T 
520 30 110 14 \T\cW 
520 30 55 7 \T\d 
\mob 520 36 20 0 mush 0 5 5
// land
740 45 18 6 \R 
\grs 700 69 460
355 72 800 5 \cK 
375 77 760 20
\mob 800 68 200 0 dur 0 2 2
\mob 800 69 200 0 slime 0 15 15
\mob 800 69 200 0 rab 0 20 20
900 71 85 1 \cK 
950 70 30 1 \cK 
960 65 2 5 \.|\e\cy 
960 61 16 4 \T\.^\e\cG 
\mob 956 65 0 0 hive 0 1 1
\mob 1040 68 150 0 dur 0 2 2
// islands
1200 53 25 9 \R 
\mob 1200 68 10 0 mush 0 3 3
1260 52 20 8 \R 
\mob 1260 35 4 4 mos 10 5 15
1335 56 20 8 \R 
\mob 1335 58 5 0 slu 0 2 5
1395 65 15 8 \R 
1392 65 7 7 \,96\cG\e\h 
1393 66 5 5 \,97\cm\e 